Attacks = [376
247
241
235
185
205
205
193
199
169
166
175
177
146
169
161
143
146
154
110
98
128
135
128
100
124
113
124
122
110
103
110
122
89
85
77
92
115
99
108
71
109
116
115
78
103
79
106
102
100
103
80
69
88
50
82
85
82
79
76
86
65
68
54
76
78
52
74
74
75
79
79
64
62
55
73
77
75
69
44
56
49
63
67
51
62
65
42
55
58
60
57
38
59
56
45
48
55
47
41
42
59
56
34
54
50
41
40
25
45
25
38
39
43
30
31
30
32
30
45
29
27
29
33
33
38
34
33
14
27
29
38
35
27
34
16
30
18
25
31
31
25
17
24
16
25
14
10
23
16
15
18
21
18
7
15
3
10
16
13
19
10
4
11
17
16
7
18
13
14
18
12
6
6
4
5
10
11
16
12
11
7
8
4
9
7
11
11
11
8
4
7
1
7
5
10
1
7
9
2
3
6
4
8
5
5
4
1
1
5
4
1
4
3
3
3
2
2
0
2
1
3
1
4
2
3
0
0
3
0
2
2
2
1
2
0
2
1
0
1
0
1
1
1
0
];

Blocks = [34
21
29
19
35
16
13
27
8
12
20
11
8
30
4
14
18
18
9
51
35
18
5
12
33
9
22
8
11
12
20
9
4
31
41
29
31
7
19
5
30
12
2
5
32
7
31
9
11
6
5
22
31
10
47
13
11
16
20
18
9
25
19
33
7
13
32
12
14
3
2
5
9
6
20
5
3
3
6
26
15
21
10
4
6
5
3
22
13
4
4
2
22
2
7
9
6
6
9
18
14
1
4
22
6
6
14
12
28
5
16
12
6
3
21
16
18
12
17
3
16
10
12
6
9
4
5
4
17
8
6
0
1
8
0
4
4
9
8
2
2
6
8
1
13
4
17
8
2
8
12
4
2
6
10
10
14
3
7
9
4
9
4
8
1
2
5
1
1
2
0
2
3
7
7
1
2
1
0
1
1
3
4
2
5
4
2
2
1
3
4
3
5
3
4
0
3
1
0
8
2
1
0
0
3
2
2
2
0
1
2
4
1
2
0
2
2
1
4
2
3
0
0
0
1
0
3
0
0
3
0
0
0
0
0
2
0
0
1
0
1
0
0
0
0
]; % init data

Serves = [11
23
8
4
21
14
13
11
16
24
12
11
8
16
12
4
18
13
9
9
25
11
15
8
14
13
9
12
10
18
11
14
7
12
5
24
6
7
11
14
24
4
6
4
13
10
9
4
6
7
4
8
8
10
11
11
8
5
4
8
5
10
11
10
13
3
9
5
1
11
8
4
14
17
9
5
3
5
7
10
7
7
3
1
15
5
3
6
2
8
5
9
8
5
3
11
10
3
8
3
6
2
2
6
2
4
5
5
3
5
14
4
9
8
2
4
3
6
3
1
2
10
6
8
4
3
6
5
11
6
6
1
3
3
3
15
1
8
2
2
1
2
7
7
2
2
0
12
4
4
0
4
3
2
9
1
9
12
2
1
0
3
13
2
3
2
8
1
6
3
1
4
9
5
7
10
4
4
0
2
2
4
2
8
0
2
0
0
0
1
4
2
6
2
3
1
7
3
1
0
4
2
4
0
0
0
1
4
5
0
0
1
0
0
2
0
1
1
0
0
0
1
3
0
0
0
0
3
0
0
1
0
0
1
0
0
0
0
0
0
0
0
0
0
1
]; % init data

Total = [421
291
278
258
241
235
231
231
223
205
198
197
193
192
185
179
179
177
172
170
158
157
155
148
147
146
144
144
143
140
134
133
133
132
131
130
129
129
129
127
125
125
124
124
123
120
119
119
119
113
112
110
108
108
108
106
104
103
103
102
100
100
98
97
96
94
93
91
89
89
89
88
87
85
84
83
83
83
82
80
78
77
76
72
72
72
71
70
70
70
69
68
68
66
66
65
64
64
64
62
62
62
62
62
62
60
60
57
56
55
55
54
54
54
53
51
51
50
50
49
47
47
47
47
46
45
45
42
42
41
41
39
39
38
37
35
35
35
35
35
34
33
32
32
31
31
31
30
29
28
27
26
26
26
26
26
26
25
25
23
23
22
21
21
21
20
20
20
20
19
19
18
18
18
18
16
16
16
16
15
14
14
14
14
14
13
13
13
12
12
12
12
12
12
12
11
11
11
10
10
9
9
8
8
8
7
7
7
6
6
6
6
5
5
5
5
5
4
4
4
4
4
4
4
3
3
3
3
3
3
3
2
2
2
2
2
2
1
1
1
1
1
1
1
1
]; %init data
